%YAML:1.0
calibration_time: "dom 27 feb 2011 17:16:27 CET"
image_width: 640
image_height: 480
camera_matrix: !!opencv-matrix
   rows: 3
   cols: 3
   dt: d
   data: [ 628.158, 0., 324.099, 0.,
       628.156, 260.908, 0., 0., 1. ]
